PlayerNumber	 Age 	 FedExCupPoints 	 Money 	 Round1Score 	 Round2Score 	 Round3Score 	 Round4Score 	 TotalStrokes 	 AverageDrive 	Drive_rank	 Percent_Birdie_when_GIR 	 Percent_Fairways 	 Percent_GIR 	 Putt_round 	 Percent_10foot 	 Percent_Outside10 
1116	44	24.17	"22,815.91"	69.67	70.33	71.17	70.83	282	278.55	151	0.24	57.14	68.52	29.46	89.02	13.43
1226	51	40.83	"81,026.83"	68.67	69.67	69.33	72.67	280.33	290.01	30	0.28	61.31	67.13	29.5	88.27	13.58
1249	44.5	8.61	"14,238.75"	68.75	70.25	73	73.5	285.5	288.07	48	0.3	54.91	65.28	31.67	85.76	12.31
1313	48	10.75	"12,813.34"	68	71.5	73.5	73.5	286.5	270.9	229	0.29	66.96	59.72	28.13	89.44	21.56
1320	45	0.94	"12,028.00"	71	76	73	77	297	274.93	195	0.25	46.43	55.56	29.5	82.5	13.16
1388	42	19.5	"16,336.67"	68	72	74	75	289	278.54	152	0.2	58.93	61.11	29.75	79.01	15.79
1473	45	29	"21,840.00"	72	70	69	69	280	286.43	65	0.24	57.14	68.06	29	86.42	5.71
1577	46	14.64	"15,571.73"	69.8	69.8	74.4	70.8	284.8	274.11	203	0.27	65.28	61.67	34.3	88.57	16.66
1619	46	0.99	"11,940.00"	75	73	75	75	298	260	267	0.22	60.71	45.83	27.25	91.55	13.16
1677	51	32.5	"28,060.00"	65	72	69	69	275	293.48	15	0.21	67.86	80.56	30.5	94.12	12.96
1706	46.43	40.68	"72,387.65"	69.86	69.29	69.86	71.71	280.71	286.53	64	0.28	58.59	69.84	33.75	86.77	13.38
1724	46.6	17.8	"18,060.35"	72.6	70.2	70.6	73.2	286.6	277.43	168	0.3	67.77	63.89	35.1	84.6	13.13
1766	44	35.63	"54,140.31"	69.75	70.88	72.38	70.38	283.38	277	173	0.28	67.41	64.76	30.1	86.68	12.77
1797	48	18.88	"26,123.70"	72.25	71.75	73.25	74.5	291.75	271.87	219.5	0.27	72.2	64.58	29.56	84.99	10.81
1810	40	115.95	"232,559.15"	70.1	69.4	70.1	70.1	279.7	291.16	21	0.37	53.15	66.25	32.23	87.9	15.13
1887	54	0.92	"18,240.00"	66	74	79	77	296	267.45	253	0.3	60.71	59.72	29.25	88.73	15.22
1928	51	18.5	"21,188.00"	70.5	70	75	70.5	286	247.04	270	0.24	66.96	59.03	28.25	85.14	18.86
1941	51	20	"15,660.00"	73	68	69	75	285	262.25	265	0.31	76.36	54.17	54	88.89	23.53
1945	50	28	"29,578.25"	71.5	71.5	70.5	72	285.5	271.98	218	0.27	69.64	69.44	30.25	87.89	5.69
1948	44	27.69	"36,785.38"	69.43	70	73	70.86	283.29	274.26	201	0.28	63.27	61.51	28.75	88.95	15.08
1968	54	15	"12,996.00"	70	74	73	72	289	261.98	266	0.12	73.21	56.94	29.25	90.28	13.33
1978	46	15	"14,798.33"	70	66.5	71	74.5	282	289.79	32	0.28	60.71	65.97	29.5	87.72	10.83
2076	51	 -   	"40,250.00"	75	73	73	75	296	257.05	268	0.12	58.93	56.94	29.75	83.33	12.2
2206	44	183.75	"435,262.80"	67.67	67.17	70.5	69.83	275.17	274.19	202	0.3	74.13	73.84	28.75	88.45	16.44
2214	49	22	"14,806.40"	73	68	72	68	281	276.13	185	0.18	69.64	52.78	27.75	88	11.11
2239	46	64.42	"122,442.00"	71.83	69.33	69.5	71.33	282	270.63	231	0.3	69.35	67.59	28.5	86.91	14.35
6004	46.2	27.9	"45,038.80"	71.8	69	71	71.8	283.6	272.76	211	0.27	67.86	65.28	29.1	88.21	13.12
6034	47	29	"21,840.00"	68	72	69	71	280	284.48	84	0.2	58.93	61.11	28.5	89.19	12.5
6197	52	10	"13,734.00"	74	70	66	77	287	271.82	222	0.28	78.18	63.89	58	85	9.52
6251	42	34.94	"41,022.15"	69.25	69.13	71.75	70.25	280.38	269	243	0.32	67.82	63.02	31.59	88.69	17.56
6515	42	14.33	"19,611.17"	70.83	71.33	71.5	73.83	287.5	272.88	209	0.24	57.12	58.1	28.58	88.03	13.79
6522	41	19	"28,404.44"	71.83	70.5	72.5	73	287.83	283.74	96.5	0.26	58.04	68.52	30.71	83.88	13.32
6527	43.63	128.56	"279,279.24"	69.13	68.88	67.75	70.75	276.5	278.27	159	0.36	66	68.06	27.66	89.05	17.63
6567	47.64	71.83	"138,204.54"	69.45	69.55	70.36	70.91	280.27	285.6	70	0.33	61.38	67.42	32.74	86.07	16.36
6573	45	55.14	"96,297.96"	69.27	70.73	70.64	70.09	280.73	285.59	71	0.31	65.26	68.94	30.21	86.51	15.41
6595	46	40.75	"68,173.21"	69.25	69.25	71	73.75	283.25	278.86	148	0.29	58.62	67.36	39.38	86.89	12.62
6621	46.5	36.5	"43,121.33"	68.25	70	70	71.25	279.5	273.18	207	0.26	75.86	70.14	31.33	87.56	18.21
6643	46	48.02	"117,702.54"	71.78	69.89	71.44	72.78	285.89	270.2	235	0.27	67.46	62.81	30.27	84.89	15.19
7457	43.33	25.05	"36,613.22"	71	70.89	71.22	71	284.11	271.15	228	0.31	62.7	55.56	27.67	89.97	14.32
7707	45	 -   	"12,152.00"	72	69	71	72	284	280.89	126	0.28	44.64	50	27	87.5	22.22
7749	41	36.5	"34,965.00"	72	65	75	71	283	268.29	246	0.34	72.73	61.11	56.5	87.18	11.76
7867	47	23.75	"19,040.25"	72	71	72.5	71	286.5	272.22	216	0.3	61.68	61.81	28	86.79	23.1
8075	44	58.21	"96,923.60"	69.71	68.71	70.43	69.71	278.57	267.14	254	0.26	69.64	64.09	28.39	91.21	14.31
8375	41	22.75	"22,298.17"	70.33	70	71.17	71.83	283.33	275.62	190	0.29	55.84	62.73	35	88.83	15.97
8537	45	23.63	"24,220.75"	73	69.67	72.33	75.33	290.33	269.71	239	0.28	59.52	54.63	28.17	83.96	15.05
8725	42	59.32	"121,867.83"	68.67	70	71.67	72	282.33	283.34	100	0.3	68.99	66.2	35.49	85.01	18.3
8793	35	45.97	"65,232.00"	70.67	70.33	72.67	71	284.67	284.35	88	0.29	47.62	67.59	32.44	86.72	19
9011	39	23.4	"51,957.83"	73.17	70.33	73	72.67	289.17	285.18	76	0.31	50.51	61.81	35.79	83.64	15.63
10213	41	20.75	"23,205.50"	73.5	68.5	71	74	287	278.84	149	0.29	69.64	62.5	28.88	83.77	15.65
10423	40	0.84	"10,788.00"	72	70	78	75	295	269.02	242	0.3	37.5	55.56	38.67	89.66	6.67
10505	40.75	20.71	"19,400.00"	70.75	67	71.75	72	281.5	271.85	221	0.25	69.07	64.58	36.44	85.61	14.74
10585	45	19	"16,388.22"	70.67	71.33	72.67	71.67	286.33	275.79	187	0.3	64.16	61.11	38.83	86.42	12.29
10733	44	25.07	"25,072.67"	70.43	70	70.57	72.29	283.29	270.6	232	0.28	64.56	65.08	28.89	88.6	19.81
10809	40.14	44.57	"70,336.67"	71	69.57	70.29	70.86	281.71	270.8	230	0.29	65.95	65.67	28.57	88.01	16.33
10860	38	25.85	"34,728.39"	70.86	71.43	71.71	71.57	285.57	273.81	204	0.25	65.5	64.09	28.93	88.47	16.1
10885	39	47.8	"84,941.23"	70.8	70.9	69.4	70.5	281.6	282.78	106	0.28	63.57	69.58	29.45	87.17	14.33
10944	40	 -   	"73,000.00"	71	73	70	71	285	276.89	174	0.32	62.5	61.11	28.25	86.84	13.51
11032	41	23.62	"33,662.58"	71	70.5	70	73	284.5	293.58	13	0.35	51.79	61.11	27.75	86.31	20.71
11123	37.45	34.18	"53,475.50"	69.18	69.27	71.27	72.55	282.27	287.22	57	0.33	66.21	63.13	29.34	88.7	20.54
12510	36.1	37.8	"52,163.65"	70.3	70.7	70.7	70.6	282.3	277.82	164	0.25	64.11	70.14	29.98	86.15	11.94
12602	41	31.28	"42,837.41"	70.33	68.83	70.5	71.83	281.5	264.72	262	0.3	67.37	63.43	32.88	88.07	17.65
12652	40.4	44.68	"59,369.93"	69.2	69.8	69	69.8	277.8	278.35	158	0.37	65.17	67.5	28.05	87.29	24.23
12660	45	13.25	"13,219.50"	69.5	69.5	71.5	74	284.5	275.66	189	0.34	60.42	56.25	41.38	90.66	19.4
12680	41	87.5	"177,375.00"	65	65	70	69	269	269.14	241	0.45	44.64	61.11	26.75	92.75	15.79
12716	34	53.18	"85,593.98"	68.73	72.09	70	70.64	281.45	289.54	35	0.37	63.83	66.67	28.61	85.67	15.72
12782	40.86	55.07	"91,244.34"	70.14	69.29	71.71	69.86	281	280.41	132	0.31	54.85	66.67	30.19	89.11	15.9
19824	38	6.5	"11,816.00"	70	72	71	72	285	286.09	68	0.24	55.36	63.89	29.75	88.89	17.02
19846	39	40.32	"60,842.79"	69.82	70.64	69.82	70.91	281.18	266.88	257	0.28	74.19	62.88	28.02	89.13	17.78
19881	38	7.5	"12,780.00"	73	72	73	76	294	266.98	255	0.11	71.43	62.5	30.5	89.61	6.67
19958	47	 -   	"45,500.00"	71	72	73	76	292	271.41	225	0.3	57.14	51.39	27.25	91.18	21.95
19970	 #NULL! 	83	"167,348.50"	70	69	71.17	70.83	281	281.1	123	0.32	57.44	63.89	28.79	85.96	15.73
20070	35.44	40.64	"66,150.45"	68.56	69.67	70.89	72	281.11	281.9	114	0.33	58.11	65.12	31.5	89.12	19.58
20095	40	10.5	"13,260.00"	69	66	71	69	275	272.79	210	0.31	76.79	66.67	28.75	93.85	20
20098	39.13	43.71	"74,023.31"	68.75	69.13	71.13	71.63	280.63	278.81	150	0.3	54.92	66.32	33.44	90.08	15.18
20127	37	28.86	"37,576.79"	68.14	71.14	72.43	72.14	283.86	270.22	234	0.27	68.49	62.1	32.75	85.99	15.72
20157	42	45.98	"83,702.50"	70.17	71.67	68.83	71.67	282.33	279.73	142	0.32	61.13	63.66	28.75	89.25	15.72
20160	39	47.99	"88,000.11"	70.27	69.91	70.18	72.91	283.27	276.31	181	0.31	62.3	62.63	31.55	90.09	19.29
20229	37.2	42.7	"69,221.13"	69.6	70.5	71.1	71.3	282.5	280.63	130	0.29	58.5	67.78	29.87	88.64	13.7
20396	37.25	 -   	"73,676.16"	69.25	71.25	72	68	280.5	288.56	44	0.33	56.7	69.44	29.19	87.2	16.59
20436	37	37.19	"60,621.20"	68.8	70.2	71.6	73.2	283.8	273.09	208	0.29	70.49	65	30.68	86.14	13.86
20472	40	25.56	"26,158.25"	69.88	71	69.25	74	284.13	270.02	236	0.26	65.52	65.45	32.59	85.07	14.18
20498	38.5	20.35	"24,952.50"	70.5	70.5	69	73	283	276.59	178	0.22	69.64	69.44	29.5	87.6	14.25
20572	41	50.8	"94,751.63"	71	68.2	70.4	72	281.6	280.58	131	0.3	62.86	59.44	27.85	87.69	17.87
20574	36	 -   	"16,157.15"	70	74	72	69	285	296.3	8	0.25	46.43	66.67	29	89.33	12.2
20593	37	30.68	"41,674.15"	71.63	68.88	71.25	71.75	283.5	268.42	245	0.3	58.93	56.94	28.31	89.97	18.85
20645	39.42	47.47	"76,365.34"	69.83	69.33	70.33	71.58	281.08	281.26	121	0.29	65.91	70.02	29.56	89.02	14.49
20766	39	36.36	"70,365.22"	68.71	70	71.14	71.14	281	285.05	80	0.31	54.5	64.88	32	88.96	17.85
20848	41	23.87	"29,316.63"	70.75	71.5	70	72.25	284.5	296.99	6	0.41	50.89	60.76	29.92	89.53	16.51
20850	37	21	"15,411.43"	70	72	75	73	290	279.05	146	0.29	57.14	54.17	27.75	91.67	12.82
20859	40	 -   	"465,000.00"	71	69	68	67	275	281.34	119	0.36	67.86	76.39	28	88.06	26.67
21209	31	56.46	"105,245.79"	69.33	68.33	72.17	70.5	280.33	287.87	51	0.29	60.53	67.82	29.04	85.28	16.98
21284	 #NULL! 	 -   	"89,150.00"	71.5	72	71.5	72	287	268.71	244	0.27	66.07	59.72	28.63	84.43	19.22
21350	34	63.77	"120,533.50"	69.86	69.86	71.29	70.14	281.14	278.14	160	0.33	58.16	64.48	28.21	87.49	14.63
21407	37.7	27.92	"49,132.90"	70.1	71.3	71	72.7	285.1	277.61	166	0.33	58.08	60.97	28.18	87.22	18.6
21528	34.33	23	"16,895.31"	71	70.67	73	70.67	285.33	272.26	215	0.32	57.14	58.33	28.58	88.04	23.56
21731	36	87.91	"161,214.59"	69.45	69.73	69.73	71.09	280	278.47	156	0.3	62.66	64.39	29.17	91.01	16.95
21753	36	36.12	"53,012.37"	69.62	70.38	70.62	71.15	281.77	276.47	179	0.3	68.03	67.2	29.46	85.54	17.72
21805	39	191	"376,917.50"	70.33	70.33	66.67	70.67	278	294.14	12	0.33	51.19	59.72	27.83	88.22	16.23
21878	36	140.71	"287,220.92"	68.67	69.56	70.22	71.22	279.67	275.67	188	0.3	68.04	66.98	28.56	88.67	16.82
21949	36.6	50.48	"106,106.60"	69.2	69.8	71.2	71	281.2	283.85	94	0.36	57.37	60	33.05	88.85	19.73
21959	37	14	"14,820.00"	68	71	76	75	290	280.21	133	0.34	50	52.78	28	89.71	22.73
21961	31	52.7	"96,107.09"	71.18	70.36	69.91	70.91	282.36	286.92	61	0.29	54.22	66.16	29.8	88.23	16.12
22046	33.17	35.4	"54,966.08"	70.33	69.83	71.5	70.83	282.5	283.31	101	0.31	58.72	60.88	28.21	90.63	13.32
22056	37	14.99	"17,420.00"	70.5	71	72.5	73.5	287.5	291	22	0.19	40.18	54.17	28.38	91.03	12.2
22293	36.8	34.83	"51,451.66"	70.8	69.6	70.6	70.4	281.4	273.41	205.5	0.26	76.31	72.22	29.75	85.22	9.6
22348	39	41.46	"56,677.49"	70.75	70.25	71.75	70.88	283.63	271.76	224	0.26	71.16	66.15	32.72	87.24	14.05
22371	29.55	98.97	"209,622.57"	70.18	67.45	69.73	70.73	278.09	285.49	73.5	0.36	57.89	67.68	30.8	88.53	19.32
22378	31	29.18	"39,123.02"	71.25	69.63	71.13	73.25	285.25	267.6	251	0.26	55.89	63.02	32.72	89.61	15
22405	30	62.61	"119,020.19"	71.22	69.33	69.67	70.33	280.56	281.05	124	0.3	62.69	71.6	30.41	88.99	10.43
22621	33.29	38.26	"52,952.32"	70.86	71.57	70	69.57	282	268	249	0.29	73.72	63.1	28.46	87.76	18.79
22792	 #NULL! 	 -   	"80,238.09"	71.33	70.67	69.33	72	283.33	278.53	153	0.3	63.32	66.2	28.83	83.19	13.04
22892	36	0.84	"10,788.00"	70	73	76	76	295	293.52	14	0.23	35.71	66.67	43	84.48	13.16
22913	35.13	67.56	"118,785.79"	69.13	69	70.5	69.63	278.25	289	38	0.31	66.48	69.62	29.03	87.34	17.47
22961	36.75	32.31	"60,687.72"	69.5	69.63	72.13	71.63	282.88	270.01	237	0.28	65.99	63.02	33.29	87.01	17.53
23108	32	84	"176,756.29"	68.91	70.27	68.45	70.09	277.73	279.06	145	0.33	65.73	67.93	28.34	88.3	15.99
23135	35	149.25	"285,500.00"	70	68	69.5	66	273.5	275.44	192	0.31	72.98	83.33	29.75	89.57	16.48
23320	34	63.79	"122,681.18"	69.57	70.14	69.14	73.29	282.14	287.66	54	0.31	51.88	61.51	28.5	89.65	12.3
23322	37	30.96	"53,349.95"	69	70	71	73.33	283.33	298.33	4	0.28	56.55	68.98	29.75	83.77	16.81
23325	34.56	29.67	"29,075.34"	70.11	71.11	70.44	73.22	284.89	276.75	175	0.3	63.84	62.65	31.31	89.24	14.62
23349	35	20	"16,157.14"	72	68	73	72	285	295.89	9	0.28	48.21	73.61	30.25	87.84	14.89
23353	35.46	37.07	"54,102.43"	70.08	71.46	69.69	71.54	282.77	279.71	143	0.28	65.61	69.02	32.88	89.84	13.47
23409	33	47.5	"96,158.92"	71.5	69	70.5	70.17	281.17	284.41	86	0.31	58.55	65.05	33.75	85.94	18.62
23497	36	26.96	"34,472.90"	69.57	70	72.86	71.57	284	292.9	17	0.31	52.3	61.51	29.86	87.27	18.47
23541	34.67	42.46	"68,964.37"	68.44	69.78	71.67	71	280.89	277.27	170	0.28	67.57	67.13	29.56	89.3	15.07
23548	35	22.81	"20,281.63"	70.38	69.75	72.38	72.25	284.75	282.45	110	0.26	61.17	67.53	34.43	87.94	16.08
23614	40	22.17	"38,630.33"	72	69.33	73.33	73.33	288	281.83	115	0.23	55.36	57.87	29.08	85.66	13.89
23621	34.3	105.48	"202,925.55"	69.4	69.1	69	70.1	277.6	284.15	90	0.34	56.86	67.08	32.24	86.85	15.53
23623	35.38	58.55	"109,153.48"	70.63	69.25	69.38	71	280.25	289.88	31	0.33	61.61	67.71	29.13	86.62	13.58
23638	30	38.14	"49,423.94"	69.82	70.27	69.27	72.36	281.73	276.73	176	0.31	63.74	64.14	28.43	87.47	16.94
23673	35	22.5	"26,033.86"	69.5	69.5	70.83	74.5	284.33	271.79	223	0.29	56.76	58.8	32.63	88.31	14.12
23718	35.17	30.25	"30,039.36"	69.33	71	70.5	71.67	282.5	274.83	196	0.26	63.1	62.96	28.46	87.38	15.38
23788	30	33.8	"46,143.98"	70.33	69.56	70.22	71.33	281.44	287.84	52	0.28	57.08	67.75	33.17	86.1	9.59
23800	32	49.14	"89,879.52"	69.17	70.17	69.17	71.67	280.17	270.45	233	0.35	63.62	63.66	32.46	91.44	21.52
23814	 #NULL! 	 -   	"45,498.10"	72	72.2	72.2	70.8	287.2	277.15	171	0.28	62.14	64.44	28.9	89.34	14.52
23983	33	125.83	"298,052.78"	69	68.67	70.33	69.33	277.33	271.34	226	0.35	68.75	70.14	28	89.91	19.68
24024	34.8	56.95	"102,430.50"	71.5	70	68.9	69	279.4	272.3	214	0.32	69.32	66.53	28.28	89.89	16.76
24083	 #NULL! 	 -   	"55,500.00"	69	78	71	72	290	254.55	269	0.32	66.07	47.22	25.75	87.67	20
24138	34.86	41.81	"67,175.07"	70.71	69.43	72.14	69.71	282	272.65	212	0.29	65.8	66.07	28.5	88.37	15.13
24140	28	31.02	"47,121.83"	70.33	69.5	70.17	71.67	281.67	275.6	191	0.27	59.73	62.96	33.38	85.86	19.8
24290	34.5	22	"20,223.56"	70.5	67.75	71	71.5	280.75	279.28	144	0.26	59.82	63.19	31.52	85.5	15.58
24357	40.22	122	"295,678.22"	70.78	69.44	71.33	70.44	282	276.26	182	0.29	61.84	65.74	32.8	87.54	18.8
24358	33	53.5	"105,701.80"	70.44	69.89	73.33	71.56	285.22	297.94	5	0.34	54.05	67.28	29.42	85.52	15.12
24361	34.75	56.67	"103,586.61"	70.38	69.88	69.75	71.13	281.13	285.1	78.5	0.37	61.61	63.19	28.79	87.15	21.01
24461	 #NULL! 	 -   	"65,500.00"	68	75	74	70	287	289.55	34	0.32	48.21	61.11	28.25	90.91	23.4
24490	35	39.88	"71,042.32"	70.25	70.25	69	72.25	281.75	280.82	128	0.32	59.65	61.81	28.5	87.52	17.95
24494	 #NULL! 	 -   	"32,668.75"	73.5	68.5	77.5	67	286.5	277.31	169	0.36	55.36	59.72	28.63	86.2	22.48
24502	30	49.88	"101,788.29"	68.75	70.25	70.5	73.5	283	290.52	27	0.3	66.88	67.71	29.31	87.83	8.68
24503	33	30.5	"23,968.50"	69	71	68	73	281	264.29	263	0.33	76.79	50	24.75	90.14	17.86
24507	37.56	18.28	"22,440.29"	70.33	70.89	73.11	71.11	285.44	275.98	186	0.3	67.88	66.82	29.17	87.05	14.77
24604	34	34	"52,149.15"	71.22	70	71.33	72.11	284.67	278.07	161	0.29	58.53	62.5	29.57	87.4	16.34
24663	39	107.5	"215,099.00"	69.25	70.25	69.25	70.5	279.25	281.5	117	0.36	59.38	65.97	30.88	91.09	17.77
24748	 #NULL! 	 -   	"15,592.50"	66	70	70	71	277	278.39	157	0.3	46.43	59.72	28.25	90.77	18.75
24781	28.23	74.17	"153,852.47"	69.31	68.85	70.23	70.62	279	284.38	87	0.35	64.91	70.94	32.07	87.32	16.93
24846	30	55.12	"92,826.24"	70	69	71	71.25	281.25	277.77	165	0.28	59.94	66.67	29	87.32	14.89
24912	36	5.5	"11,804.50"	71	69.5	73.5	72	286	277.98	163	0.25	62.5	66.67	30	86.19	12.64
24924	28.11	63.32	"122,495.55"	68.11	69	70.56	71.33	279	287.72	53	0.32	60.86	70.37	29.97	87.84	18.28
24925	32.78	125.77	"257,022.68"	69.11	68.67	68.78	70.33	276.89	283.74	96.5	0.35	61.94	69.29	28.36	88.53	13.8
24980	34	14.97	"15,922.63"	73.5	70	73.75	73.25	290.5	284.07	91	0.25	54.91	62.85	32.52	88.59	11.82
25190	32	11.75	"13,456.00"	67	74	71.5	74.5	287	267.5	252	0.25	53.57	52.08	28	90.06	17.97
25198	 #NULL! 	 -   	"194,462.33"	68.67	68.67	72.67	72	282	276.23	183	0.28	74.72	78.7	30.25	89.09	13.5
25203	 #NULL! 	 -   	"50,500.00"	74	72	72	73	291	264.86	261	0.3	51.79	52.78	27.25	92.75	15
25240	34	82.6	"166,600.55"	69.8	70.9	71.5	71.1	283.3	279.88	137	0.34	63.54	64.17	32.03	90.04	14.98
25274	27	30.11	"45,516.86"	71.25	68	72.88	71.75	283.88	294.59	11	0.31	50.86	64.93	33.57	88.54	14.68
25345	33	31.71	"47,637.73"	69.75	71	71.75	70.75	283.25	280.81	129	0.32	59.19	63.31	29.44	88.2	14.52
25364	33	46.13	"75,105.56"	68.33	69.67	71	71.33	280.33	282.76	107	0.26	58.93	71.3	29.83	92.63	10.87
25396	27	67.94	"130,408.13"	70.38	69.38	69.88	69.63	279.25	267.99	250	0.35	54.98	59.9	27.03	87.94	18.06
25444	36	36.08	"67,412.67"	73.33	69.33	74.33	69.33	286.33	275.07	193	0.26	65.48	62.5	28.92	89.9	14.44
25457	33	18.67	"20,791.73"	68.67	69.67	72.67	72	283	280.01	135	0.26	57.74	67.59	29.75	88.37	13.39
25562	29.3	29.41	"58,932.30"	70.5	70.3	69.3	72.5	282.6	285.33	75	0.35	58.56	62.64	31.33	87.97	16.84
25572	31	70.25	"143,608.23"	69.8	70	70.2	70.8	280.8	276.68	177	0.33	68.88	68.06	28.3	85.79	17.69
25632	32	50.55	"88,389.52"	70.1	68.8	69.6	71.6	280.1	284.7	81	0.3	50.3	62.64	31.42	89.13	17.38
25686	33.5	77.93	"165,328.20"	69.1	69.7	70.9	71.3	281	277.5	167	0.3	64.12	65.28	28.98	87.63	14.56
25720	32	18.5	"31,703.90"	70	71	73	71.6	285.6	263.07	264	0.25	59.95	58.61	28.8	88.67	11.38
25804	32	127	"247,193.02"	70.6	68.3	70.7	70.3	279.9	300.97	3	0.36	60.21	74.17	30.69	86.4	15.39
25818	32	30.75	"28,397.50"	71.25	68.5	71.25	73.75	284.75	288.53	45	0.34	47.77	58.68	28.13	86.95	17.39
25834	27	17.78	"21,957.85"	71.6	67.2	73.8	71.4	284	266.95	256	0.27	62.39	63.89	34.8	91.12	15.7
25900	31	95.79	"191,405.35"	69.29	68.14	71.14	71.86	280.43	282.25	112	0.38	61.11	64.88	29.49	87.08	23.46
26287	33.17	47.06	"89,178.83"	71.67	70	70.33	71.5	283.5	278.99	147	0.32	61.7	65.74	28.5	90.23	20.29
26289	37	25.25	"22,380.95"	69	70.33	71	70.83	281.17	287.1	58	0.28	64.88	74.07	30.75	86.07	12.02
26300	30.43	38.16	"76,865.96"	69.43	71	70.43	72.14	283	279.9	136	0.31	54.14	61.71	33.63	86.46	17.9
26329	28	37.67	"65,748.33"	71.33	70.67	69.67	71	282.67	286.17	66	0.3	58.93	66.67	28.75	87.57	14.23
26331	26	41.42	"58,826.49"	72.17	70.17	71.83	69.5	283.67	281.33	120	0.31	61.31	67.36	29.46	87.29	15.19
26420	34	18.66	"24,783.33"	72.67	69.5	71.5	74	287.67	265.48	259	0.24	61.22	61.81	35.11	91.23	15.13
26476	29	34.43	"63,870.36"	69.86	70.57	71.71	71.71	283.86	281.04	125	0.3	62.68	69.84	31.01	87.11	15.57
26596	28	66.79	"126,360.00"	69.11	69.33	70.67	71.11	280.22	279.79	140	0.33	65.06	64.35	27.94	89.29	18.66
26668	32.75	36.75	"57,529.25"	71.25	69.75	72.75	68.75	282.5	271.23	227	0.27	62.64	64.93	28.44	89.78	17.99
26679	31	32.23	"56,549.55"	71.13	70.63	70.63	71.25	283.63	282.82	105	0.27	62.75	68.06	33.06	86.37	12.57
26758	31.17	36.17	"49,665.70"	69.17	69.17	69	71.67	279	278.04	162	0.28	65.18	67.82	28.5	90.9	17.1
26851	27	42.4	"68,005.32"	69.73	71	69.36	71.45	281.55	285.16	77	0.31	53.93	65.53	31.93	88.95	15.24
26881	29	17.42	"18,177.71"	70.67	69.67	72.67	72	285	280.83	127	0.29	50	62.73	30.94	86.14	14.79
26882	26	7.3	"12,681.00"	70	68.33	75	73.33	286.67	268.06	248	0.28	52.98	55.56	28.83	85.68	18.52
26908	26	 -   	"29,672.50"	72.5	73	74	70	289.5	269.75	238	0.29	63.39	52.08	28	86.37	9.7
26949	26	 -   	"17,356.50"	78	68	68	73	287	265.73	258	0.26	64.29	58.33	29.5	88.57	18.75
26951	31	32.07	"40,900.04"	71	70	72.43	70	283.43	276.16	184	0.28	69.13	67.46	28.71	88.61	13.54
27060	31	29.5	"24,800.00"	67	71	67	73	278	272.39	213	0.27	58.93	58.33	27.75	84.62	12.12
27064	26	50.84	"87,805.62"	70.71	70.71	71	69.86	282.29	290.23	28	0.3	48.72	67.66	31.15	86.06	15.8
27072	28	 -   	"163,812.50"	68.5	75	71	73	287.5	290.64	25.5	0.28	49.11	63.19	29.13	84.41	17.42
27095	29.44	133.87	"322,981.48"	67.67	68.89	69.89	69.11	275.56	288.01	49	0.36	61.11	70.37	32.4	89.41	19.12
27120	31	36.13	"47,939.51"	71.25	70.25	70.25	71.25	283	290.8	23	0.3	55.25	65.28	29.72	89.31	13.08
27141	28.36	46.94	"101,000.59"	69.91	69.36	70.82	71.55	281.64	304.73	1	0.35	52.85	67.05	32.57	87.05	13.46
27214	32	42.24	"80,752.57"	71.45	70.36	70.91	69.82	282.55	280.07	134	0.3	66.18	64.65	31.41	88.87	16.49
27302	32	24.5	"20,800.00"	67	74	73	74	288	282.07	113	0.28	44.64	55.56	28.75	89.33	12.5
27330	31.56	22.38	"36,030.74"	69.22	69.78	74.22	72.56	285.78	288.82	41	0.3	58.13	63.73	30.16	87.68	14.7
27408	26	 -   	"63,480.13"	67.75	70.75	72	72.25	282.75	282.53	109	0.33	55.98	67.01	28.81	89.3	13.15
27466	26.08	54.51	"100,075.10"	68.92	69.25	70.08	70.25	278.5	277.05	172	0.29	64.81	68.75	32.27	88.64	14.68
27649	30	132.69	"262,663.96"	69.88	67	68.88	68.88	274.63	281.39	118	0.39	61.21	63.37	28.4	89.88	24.08
27770	29	45.83	"69,118.50"	69.83	69.17	72.5	71.33	282.83	279.77	141	0.32	60.42	65.97	30.04	87.7	16.9
27797	30	39	"55,000.00"	72	76	78	70	296	289.31	36	0.28	71.67	75	33	80.72	10.2
27896	30	 -   	"27,692.33"	70	73	72.5	75	290.5	288.94	40	0.27	53.57	65.28	29.13	85.26	17.86
27933	28.67	45.25	"67,957.26"	69.5	68.67	70.67	69.83	278.67	276.45	180	0.3	69.58	68.29	33.88	88.59	19.14
27936	28	116.12	"239,861.76"	68.78	70	68.67	70.89	278.33	291.54	19	0.32	59.62	65.9	28.17	89.23	16.73
27939	29	16.5	"12,705.00"	68	69	71	74	282	274.71	198	0.28	41.07	59.72	28.5	88.41	20
27963	29	32.76	"63,693.26"	71	69.2	71.2	70.8	282.2	282.85	104	0.31	55.36	65.83	29.15	86.22	17.66
27974	23	12	"13,571.71"	66.5	73.5	75	73	288	287.01	59	0.29	54.12	61.11	48.5	82.58	13.33
27990	30	24.5	"20,800.00"	70	71	72	75	288	288.41	46	0.29	41.07	48.61	28.25	84.42	16.67
28087	38	29.4	"44,863.58"	69.29	70.86	72.57	71.57	284.29	274.57	199	0.29	60.12	62.1	32.36	85.85	13.78
28089	23	59.1	"126,420.27"	70.5	69.25	69.13	70.38	279.25	286.16	67	0.35	56.06	65.28	28.03	86.83	20.12
28118	29	31	"28,929.29"	69.5	72	72	70	283.5	281.73	116	0.3	54.46	65.97	28.88	89.18	13.04
28158	30.63	105.95	"212,202.06"	68.75	68.75	69.75	71.75	279	283.97	93	0.32	64.02	68.58	32.38	86.7	18.5
28237	21.33	 -   	"129,428.67"	69	70.67	72.33	72.33	284.33	289.75	33	0.34	60.12	62.96	28.5	85.87	18.67
28258	25	 -   	"50,500.00"	73	70	73	75	291	273.41	205.5	0.22	55.36	56.94	28.5	90.41	14.63
28307	27	37.5	"36,315.00"	72	70	72	72	286	284.02	92	0.3	58.62	66.67	44.38	83.58	18.59
28308	32	 -   	"13,542.00"	67	72	70	71	280	296.84	7	0.35	42.86	63.89	28.75	93.06	11.63
28455	30	 -   	"11,275.00"	69	70	73	74	286	274.73	197	0.19	69.23	73.61	31.5	87.01	10.2
28475	27.1	34.58	"61,345.00"	69.4	71.4	71.4	70.9	283.1	286.84	62	0.3	59.11	62.64	28.48	87.8	16.18
28486	27.29	20.53	"22,168.47"	69.71	69.14	70.86	72.71	282.43	283.3	102	0.28	56.56	63.89	33.07	88.9	19.72
28620	28.67	21.83	"21,910.19"	70	68.67	71.33	70	280	271.87	219.5	0.27	76.79	67.13	29.08	88.4	15.74
28679	33	19.38	"27,877.46"	69.6	72.2	72	74.2	288	282.38	111	0.31	55.71	63.89	30.8	87.4	19.14
29221	25	94.21	"188,801.74"	69.64	68.55	69.36	69.64	277.18	285.69	69	0.35	63.25	68.06	28.41	87.1	16.38
29222	28	 -   	"12,780.00"	71	75	72	76	294	265.11	260	0.21	69.64	59.72	30	89.04	10.64
29223	24	 -   	"66,262.50"	72	70	70.5	71.5	284	279.84	139	0.28	61.33	65.97	44.13	83.5	21.12
29289	24	 -   	"43,000.00"	72	70	79	72	293	292.52	18	0.39	44.64	61.11	28	91.04	22.22
29420	24	23.97	"27,093.80"	72	70	72.67	73.67	288.33	285.49	73.5	0.27	54.17	66.2	29.17	87.32	12.37
29461	23	11	"12,876.00"	69	70	75	75	289	289.14	37	0.23	48.21	59.72	38.67	84.75	14.29
29478	26.67	21	"19,643.33"	70.67	68.67	73	73	285.33	278.48	155	0.25	65.39	54.17	37.67	84.8	10.66
29518	27.5	75.6	"146,010.41"	71.3	68.7	72.4	70.3	282.7	284.2	89	0.32	64.29	66.39	29.93	89.49	13.4
29718	25	40.23	"78,248.34"	71.29	68.71	71.29	71.29	282.57	286.58	63	0.34	47.69	62.7	29.27	88.22	15.37
29720	28	29	"21,840.00"	75	65	70	70	280	287.48	55	0.27	66.07	72.22	30.25	84.42	11.36
29910	35	36.09	"45,950.37"	70.55	70	70.09	71.09	281.73	279.87	138	0.29	62.55	64.39	29.13	88.89	17.79
30110	23	25.96	"29,082.71"	70.22	71	71	73.33	285.56	288.98	39	0.29	57.1	67.44	34.25	84.37	12.61
30692	25.75	86.63	"157,435.00"	68.5	71.75	70	69.5	279.75	288.11	47	0.36	63.36	67.01	28.19	89.3	18.44
30711	25.14	23.76	"28,985.77"	70.71	70	71.57	73	285.29	272.01	217	0.24	69.64	61.31	28.61	89.56	15.01
30750	35	67.69	"130,397.43"	68.9	69.4	69.5	71.7	279.5	284.42	85	0.32	62.14	67.78	31.58	89.86	15.43
30852	20	 -   	"59,000.00"	65	76	70	78	289	288.73	43	0.41	37.5	54.17	26.75	91.8	34.78
30924	26	 -   	"41,500.00"	73	76	72	74	295	274.54	200	0.23	33.93	54.17	29.25	93.06	8.89
30925	26	100.13	"223,621.68"	68.75	70.75	70.13	69.75	279.38	301.24	2	0.37	58.25	71.35	33.81	85.31	15.2
30926	25.14	63.43	"101,783.47"	68	71	71.57	69.43	280	287.29	56	0.3	50.77	71.03	30.64	86.77	17.38
30946	26	24.42	"32,819.47"	70.43	70.29	71.14	72.14	284	291.2	20	0.29	55.3	66.87	35.17	88.63	12.34
31114	24	 -   	"17,732.00"	71	70	75	72	288	284.63	82	0.34	58.93	65.28	29.5	82.28	15.38
31193	27	7.75	"12,541.00"	71.67	71.33	72	74	289	287.9	50	0.29	54.76	56.48	27.67	88.01	15.58
31202	31	34.86	"33,192.92"	71.29	69.14	70.86	72.14	283.43	278.52	154	0.25	59.87	67.66	33.93	89.77	16.33
31323	26.25	109.86	"222,099.60"	70.13	69	69.25	71.63	280	295.77	10	0.34	58.33	68.23	30.48	86.38	17.61
31401	26	29.05	"43,739.55"	70.63	70.38	70.88	73	284.88	285.53	72	0.32	59.97	63.02	33.96	85.52	13.04
31557	33	14.64	"18,493.61"	70	73.33	72.67	72.67	288.67	293.33	16	0.27	48.21	65.74	29.42	87.98	11.57
32102	22	49.82	"77,638.30"	68.67	70.44	70.11	71.33	280.56	290.74	24	0.37	54.37	66.2	28.79	86.11	19.23
32150	25.4	41.7	"75,408.20"	70.2	68	71.8	71.6	281.6	283.18	103	0.3	57.39	67.5	36.87	88.92	16.27
32366	24	61.43	"124,980.00"	69.4	71.8	71.2	72.6	285	284.49	83	0.35	56.64	58.61	33.3	84.81	17.07
32640	25	13.47	"16,541.63"	70.75	72.5	73	71.25	287.5	275.06	194	0.28	61.61	65.28	29.63	85.63	15.03
32698	25	37.16	"82,702.75"	70.25	71	70.5	74	285.75	286.98	60	0.31	56.08	67.01	31.94	84.55	17.46
32876	25	21.3	"23,660.36"	70	71.4	73.4	74.4	289.2	290.06	29	0.28	47.14	60.83	30.6	88.5	17.65
33141	24.22	86.88	"179,322.03"	69.67	70.11	71.11	71.56	282.44	288.77	42	0.29	61.46	64.51	33.03	87.91	15.65
33199	18	 -   	"37,620.63"	70	69	72.5	73	284.5	268.25	247	0.35	63.05	62.5	28.25	85.33	19.79
33413	23	26.63	"25,160.67"	70.25	71	71.5	73.25	286	281.16	122	0.32	61.16	63.19	30.63	90.98	15.7
33419	23	30.2	"59,762.72"	71.33	69.44	70.67	73.33	284.78	285.1	78.5	0.29	51.59	63.27	30.19	88.26	15.55
33461	20	 -   	"18,840.00"	68	67	68	69	272	283.84	95	0.27	73.21	66.67	27.5	86.67	11.43
33911	27	21.34	"21,578.03"	70	68.8	69.8	73	281.6	269.53	240	0.31	70.29	63.33	33.75	88.24	16.32
34021	21	 -   	"46,425.00"	68	67	69	65	269	282.7	108	0.27	75	76.39	29	93.85	21.57
34072	25	35.5	"35,192.86"	66	76	76	68	286	290.64	25.5	0.34	50	50	27.25	84.51	26.32
34255	22.75	13.38	"15,129.50"	70	70.25	74	71.25	285.5	283.59	99	0.29	61.61	68.4	29.44	88.27	13.19
35087	20	36.83	"44,003.50"	74.33	68.67	73.33	68	284.33	283.6	98	0.38	52.18	53.7	35.5	86.33	28.33
